At time 1696849664.111043649
- Translation: [0.000, 0.000, 0.000]
- Rotation: in Quaternion [0.000, 0.000, -0.820, 0.572]
- Rotation: in RPY (radian) [0.000, 0.000, -1.924]
- Rotation: in RPY (degree) [0.000, 0.000, -110.233]
- Matrix:
 -0.346  0.938  0.000  0.000
 -0.938 -0.346 -0.000  0.000
 -0.000  0.000  1.000  0.000
  0.000  0.000  0.000  1.000
At time 1696849665.120358121
- Translation: [0.000, 0.000, 0.000]
- Rotation: in Quaternion [0.000, 0.000, -0.820, 0.572]
- Rotation: in RPY (radian) [0.000, 0.000, -1.923]
- Rotation: in RPY (degree) [0.000, 0.000, -110.154]
- Matrix:
 -0.345  0.939  0.000  0.000
 -0.939 -0.345 -0.000  0.000
 -0.000  0.000  1.000  0.000
  0.000  0.000  0.000  1.000
At time 1696849666.112312629
- Translation: [0.000, 0.000, 0.000]
- Rotation: in Quaternion [0.000, 0.000, -0.820, 0.572]
- Rotation: in RPY (radian) [0.000, 0.000, -1.924]
- Rotation: in RPY (degree) [0.000, 0.000, -110.228]
- Matrix:
 -0.346  0.938  0.000  0.000
 -0.938 -0.346 -0.000  0.000
 -0.000  0.000  1.000  0.000
  0.000  0.000  0.000  1.000
At time 1696849667.120350956
- Translation: [0.000, 0.000, 0.000]
- Rotation: in Quaternion [0.000, 0.000, -0.822, 0.570]
- Rotation: in RPY (radian) [0.000, 0.000, -1.929]
- Rotation: in RPY (degree) [0.000, 0.000, -110.513]
- Matrix:
 -0.350  0.937  0.000  0.000
 -0.937 -0.350 -0.000  0.000
 -0.000  0.000  1.000  0.000
  0.000  0.000  0.000  1.000
At time 1696849668.112018057
- Translation: [-0.247, -0.659, 0.000]
- Rotation: in Quaternion [0.000, 0.000, -0.822, 0.570]
- Rotation: in RPY (radian) [0.000, 0.000, -1.930]
- Rotation: in RPY (degree) [0.000, 0.000, -110.556]
- Matrix:
 -0.351  0.936  0.000 -0.247
 -0.936 -0.351 -0.000 -0.659
 -0.000  0.000  1.000  0.000
  0.000  0.000  0.000  1.000
At time 1696849669.119976853
- Translation: [1.687, -0.801, 0.000]
- Rotation: in Quaternion [0.000, 0.000, -0.131, 0.991]
- Rotation: in RPY (radian) [0.000, 0.000, -0.262]
- Rotation: in RPY (degree) [0.000, 0.000, -15.037]
- Matrix:
  0.966  0.259  0.000  1.687
 -0.259  0.966 -0.000 -0.801
 -0.000  0.000  1.000  0.000
  0.000  0.000  0.000  1.000
At time 1696849670.111961302
- Translation: [1.030, -0.119, 0.000]
- Rotation: in Quaternion [0.000, 0.000, 0.097, 0.995]
- Rotation: in RPY (radian) [0.000, -0.000, 0.195]
- Rotation: in RPY (degree) [0.000, -0.000, 11.183]
- Matrix:
  0.981 -0.194  0.000  1.030
  0.194  0.981  0.000 -0.119
  0.000  0.000  1.000  0.000
  0.000  0.000  0.000  1.000
At time 1696849671.119943090
- Translation: [0.426, 0.104, 0.000]
- Rotation: in Quaternion [0.000, 0.000, 0.884, 0.468]
- Rotation: in RPY (radian) [0.000, -0.000, 2.167]
- Rotation: in RPY (degree) [0.000, -0.000, 124.155]
- Matrix:
 -0.561 -0.828  0.000  0.426
  0.828 -0.561  0.000  0.104
  0.000  0.000  1.000  0.000
  0.000  0.000  0.000  1.000
At time 1696849672.112359124
- Translation: [0.594, 1.675, 0.000]
- Rotation: in Quaternion [0.000, 0.000, 0.623, 0.782]
- Rotation: in RPY (radian) [0.000, -0.000, 1.344]
- Rotation: in RPY (degree) [0.000, -0.000, 77.026]
- Matrix:
  0.225 -0.974  0.000  0.594
  0.974  0.225  0.000  1.675
  0.000  0.000  1.000  0.000
  0.000  0.000  0.000  1.000
At time 1696849673.120278375
- Translation: [1.097, 0.627, 0.000]
- Rotation: in Quaternion [0.000, 0.000, 0.633, 0.774]
- Rotation: in RPY (radian) [0.000, -0.000, 1.370]
- Rotation: in RPY (degree) [0.000, -0.000, 78.511]
- Matrix:
  0.199 -0.980  0.000  1.097
  0.980  0.199  0.000  0.627
  0.000  0.000  1.000  0.000
  0.000  0.000  0.000  1.000
At time 1696849674.112037570
- Translation: [2.053, 1.413, 0.000]
- Rotation: in Quaternion [0.000, 0.000, 0.365, 0.931]
- Rotation: in RPY (radian) [0.000, -0.000, 0.748]
- Rotation: in RPY (degree) [0.000, -0.000, 42.846]
- Matrix:
  0.733 -0.680  0.000  2.053
  0.680  0.733  0.000  1.413
  0.000  0.000  1.000  0.000
  0.000  0.000  0.000  1.000
At time 1696849675.120582933
- Translation: [1.615, 1.151, 0.000]
- Rotation: in Quaternion [0.000, 0.000, 0.599, 0.800]
- Rotation: in RPY (radian) [0.000, -0.000, 1.286]
- Rotation: in RPY (degree) [0.000, -0.000, 73.659]
- Matrix:
  0.281 -0.960  0.000  1.615
  0.960  0.281  0.000  1.151
  0.000  0.000  1.000  0.000
  0.000  0.000  0.000  1.000
At time 1696849676.112597026
- Translation: [2.010, 1.026, 0.000]
- Rotation: in Quaternion [0.000, 0.000, 0.610, 0.793]
- Rotation: in RPY (radian) [0.000, -0.000, 1.312]
- Rotation: in RPY (degree) [0.000, -0.000, 75.157]
- Matrix:
  0.256 -0.967  0.000  2.010
  0.967  0.256  0.000  1.026
  0.000  0.000  1.000  0.000
  0.000  0.000  0.000  1.000
At time 1696849677.120173405
- Translation: [0.908, 1.214, 0.000]
- Rotation: in Quaternion [0.000, 0.000, 0.811, 0.586]
- Rotation: in RPY (radian) [0.000, -0.000, 1.890]
- Rotation: in RPY (degree) [0.000, -0.000, 108.304]
- Matrix:
 -0.314 -0.949  0.000  0.908
  0.949 -0.314  0.000  1.214
  0.000  0.000  1.000  0.000
  0.000  0.000  0.000  1.000
At time 1696849678.111967528
- Translation: [1.461, 1.136, 0.000]
- Rotation: in Quaternion [0.000, 0.000, 0.744, 0.668]
- Rotation: in RPY (radian) [0.000, -0.000, 1.678]
- Rotation: in RPY (degree) [0.000, -0.000, 96.159]
- Matrix:
 -0.107 -0.994  0.000  1.461
  0.994 -0.107  0.000  1.136
  0.000  0.000  1.000  0.000
  0.000  0.000  0.000  1.000
At time 1696849679.103625004
- Translation: [0.977, 1.748, 0.000]
- Rotation: in Quaternion [0.000, 0.000, 0.720, 0.694]
- Rotation: in RPY (radian) [0.000, -0.000, 1.608]
- Rotation: in RPY (degree) [0.000, -0.000, 92.123]
- Matrix:
 -0.037 -0.999  0.000  0.977
  0.999 -0.037  0.000  1.748
  0.000  0.000  1.000  0.000
  0.000  0.000  0.000  1.000
At time 1696849680.111536767
- Translation: [1.341, 1.029, 0.000]
- Rotation: in Quaternion [0.000, 0.000, 0.829, 0.559]
- Rotation: in RPY (radian) [0.000, -0.000, 1.955]
- Rotation: in RPY (degree) [0.000, -0.000, 112.012]
- Matrix:
 -0.375 -0.927  0.000  1.341
  0.927 -0.375  0.000  1.029
  0.000  0.000  1.000  0.000
  0.000  0.000  0.000  1.000
At time 1696849681.119777009
- Translation: [1.536, 1.706, 0.000]
- Rotation: in Quaternion [0.000, 0.000, 0.431, 0.902]
- Rotation: in RPY (radian) [0.000, -0.000, 0.891]
- Rotation: in RPY (degree) [0.000, -0.000, 51.078]
- Matrix:
  0.628 -0.778  0.000  1.536
  0.778  0.628  0.000  1.706
  0.000  0.000  1.000  0.000
  0.000  0.000  0.000  1.000
At time 1696849682.111733599
- Translation: [2.168, -0.138, 0.000]
- Rotation: in Quaternion [0.000, 0.000, -0.376, 0.927]
- Rotation: in RPY (radian) [0.000, 0.000, -0.770]
- Rotation: in RPY (degree) [0.000, 0.000, -44.131]
- Matrix:
  0.718  0.696  0.000  2.168
 -0.696  0.718 -0.000 -0.138
 -0.000  0.000  1.000  0.000
  0.000  0.000  0.000  1.000
At time 1696849683.120362222
- Translation: [0.907, -0.983, 0.000]
- Rotation: in Quaternion [0.000, 0.000, -0.796, 0.605]
- Rotation: in RPY (radian) [0.000, 0.000, -1.842]
- Rotation: in RPY (degree) [0.000, 0.000, -105.547]
- Matrix:
 -0.268  0.963  0.000  0.907
 -0.963 -0.268 -0.000 -0.983
 -0.000  0.000  1.000  0.000
  0.000  0.000  0.000  1.000
At time 1696849684.111740335
- Translation: [0.671, -1.288, 0.000]
- Rotation: in Quaternion [0.000, 0.000, -0.783, 0.622]
- Rotation: in RPY (radian) [0.000, 0.000, -1.798]
- Rotation: in RPY (degree) [0.000, 0.000, -103.035]
- Matrix:
 -0.226  0.974  0.000  0.671
 -0.974 -0.226 -0.000 -1.288
 -0.000  0.000  1.000  0.000
  0.000  0.000  0.000  1.000
At time 1696849685.119698350
- Translation: [1.148, -1.602, 0.000]
- Rotation: in Quaternion [0.000, 0.000, -0.649, 0.761]
- Rotation: in RPY (radian) [0.000, 0.000, -1.413]
- Rotation: in RPY (degree) [0.000, 0.000, -80.976]
- Matrix:
  0.157  0.988  0.000  1.148
 -0.988  0.157 -0.000 -1.602
 -0.000  0.000  1.000  0.000
  0.000  0.000  0.000  1.000
At time 1696849686.111741454
- Translation: [1.565, -1.533, 0.000]
- Rotation: in Quaternion [0.000, 0.000, -0.593, 0.805]
- Rotation: in RPY (radian) [0.000, 0.000, -1.269]
- Rotation: in RPY (degree) [0.000, 0.000, -72.727]
- Matrix:
  0.297  0.955  0.000  1.565
 -0.955  0.297 -0.000 -1.533
 -0.000  0.000  1.000  0.000
  0.000  0.000  0.000  1.000
At time 1696849687.120568943
- Translation: [1.410, -1.518, 0.000]
- Rotation: in Quaternion [0.000, 0.000, -0.654, 0.756]
- Rotation: in RPY (radian) [0.000, 0.000, -1.426]
- Rotation: in RPY (degree) [0.000, 0.000, -81.704]
- Matrix:
  0.144  0.990  0.000  1.410
 -0.990  0.144 -0.000 -1.518
 -0.000  0.000  1.000  0.000
  0.000  0.000  0.000  1.000
At time 1696849688.111935952
- Translation: [1.667, -1.550, 0.000]
- Rotation: in Quaternion [0.000, 0.000, -0.597, 0.802]
- Rotation: in RPY (radian) [0.000, 0.000, -1.281]
- Rotation: in RPY (degree) [0.000, 0.000, -73.371]
- Matrix:
  0.286  0.958  0.000  1.667
 -0.958  0.286 -0.000 -1.550
 -0.000  0.000  1.000  0.000
  0.000  0.000  0.000  1.000
At time 1696849689.119916014
- Translation: [1.536, -1.605, 0.000]
- Rotation: in Quaternion [0.000, 0.000, -0.631, 0.776]
- Rotation: in RPY (radian) [0.000, 0.000, -1.365]
- Rotation: in RPY (degree) [0.000, 0.000, -78.217]
- Matrix:
  0.204  0.979  0.000  1.536
 -0.979  0.204 -0.000 -1.605
 -0.000  0.000  1.000  0.000
  0.000  0.000  0.000  1.000
At time 1696849690.111759366
- Translation: [1.572, -1.595, 0.000]
- Rotation: in Quaternion [0.000, 0.000, -0.626, 0.779]
- Rotation: in RPY (radian) [0.000, 0.000, -1.354]
- Rotation: in RPY (degree) [0.000, 0.000, -77.575]
- Matrix:
  0.215  0.977  0.000  1.572
 -0.977  0.215 -0.000 -1.595
 -0.000  0.000  1.000  0.000
  0.000  0.000  0.000  1.000
At time 1696849691.120039701
- Translation: [1.254, -1.215, 0.000]
- Rotation: in Quaternion [0.000, 0.000, -0.760, 0.650]
- Rotation: in RPY (radian) [0.000, 0.000, -1.726]
- Rotation: in RPY (degree) [0.000, 0.000, -98.883]
- Matrix:
 -0.154  0.988  0.000  1.254
 -0.988 -0.154 -0.000 -1.215
 -0.000  0.000  1.000  0.000
  0.000  0.000  0.000  1.000
At time 1696849692.112187056
- Translation: [1.117, -1.124, 0.000]
- Rotation: in Quaternion [0.000, 0.000, -0.811, 0.584]
- Rotation: in RPY (radian) [0.000, 0.000, -1.893]
- Rotation: in RPY (degree) [0.000, 0.000, -108.475]
- Matrix:
 -0.317  0.948  0.000  1.117
 -0.948 -0.317 -0.000 -1.124
 -0.000  0.000  1.000  0.000
  0.000  0.000  0.000  1.000
At time 1696849693.120421380
- Translation: [0.866, -1.142, 0.000]
- Rotation: in Quaternion [0.000, 0.000, -0.835, 0.551]
- Rotation: in RPY (radian) [0.000, 0.000, -1.975]
- Rotation: in RPY (degree) [0.000, 0.000, -113.159]
- Matrix:
 -0.393  0.919  0.000  0.866
 -0.919 -0.393 -0.000 -1.142
 -0.000  0.000  1.000  0.000
  0.000  0.000  0.000  1.000
At time 1696849694.112497578
- Translation: [0.792, -1.286, 0.000]
- Rotation: in Quaternion [0.000, 0.000, -0.800, 0.600]
- Rotation: in RPY (radian) [0.000, 0.000, -1.854]
- Rotation: in RPY (degree) [0.000, 0.000, -106.236]
- Matrix:
 -0.280  0.960  0.000  0.792
 -0.960 -0.280 -0.000 -1.286
 -0.000  0.000  1.000  0.000
  0.000  0.000  0.000  1.000
At time 1696849695.120391140
- Translation: [0.861, -1.399, 0.000]
- Rotation: in Quaternion [0.000, 0.000, -0.756, 0.655]
- Rotation: in RPY (radian) [0.000, 0.000, -1.714]
- Rotation: in RPY (degree) [0.000, 0.000, -98.185]
- Matrix:
 -0.142  0.990  0.000  0.861
 -0.990 -0.142 -0.000 -1.399
 -0.000  0.000  1.000  0.000
  0.000  0.000  0.000  1.000
At time 1696849696.111922175
- Translation: [2.034, -0.676, 0.000]
- Rotation: in Quaternion [0.000, 0.000, 0.036, 0.999]
- Rotation: in RPY (radian) [0.000, -0.000, 0.072]
- Rotation: in RPY (degree) [0.000, -0.000, 4.129]
- Matrix:
  0.997 -0.072  0.000  2.034
  0.072  0.997  0.000 -0.676
  0.000  0.000  1.000  0.000
  0.000  0.000  0.000  1.000
At time 1696849697.104538477
- Translation: [1.645, 0.555, 0.000]
- Rotation: in Quaternion [0.000, 0.000, 0.693, 0.721]
- Rotation: in RPY (radian) [0.000, -0.000, 1.532]
- Rotation: in RPY (degree) [0.000, -0.000, 87.760]
- Matrix:
  0.039 -0.999  0.000  1.645
  0.999  0.039  0.000  0.555
  0.000  0.000  1.000  0.000
  0.000  0.000  0.000  1.000
At time 1696849698.111994902
- Translation: [1.078, 1.026, 0.000]
- Rotation: in Quaternion [0.000, 0.000, 0.873, 0.487]
- Rotation: in RPY (radian) [0.000, -0.000, 2.125]
- Rotation: in RPY (degree) [0.000, -0.000, 121.728]
- Matrix:
 -0.526 -0.851  0.000  1.078
  0.851 -0.526  0.000  1.026
  0.000  0.000  1.000  0.000
  0.000  0.000  0.000  1.000
At time 1696849699.120022626
- Translation: [1.456, 2.072, 0.000]
- Rotation: in Quaternion [0.000, 0.000, 0.584, 0.812]
- Rotation: in RPY (radian) [0.000, -0.000, 1.248]
- Rotation: in RPY (degree) [0.000, -0.000, 71.486]
- Matrix:
  0.318 -0.948  0.000  1.456
  0.948  0.318  0.000  2.072
  0.000  0.000  1.000  0.000
  0.000  0.000  0.000  1.000
At time 1696849700.112308177
- Translation: [3.255, 1.357, 0.000]
- Rotation: in Quaternion [0.000, 0.000, 0.177, 0.984]
- Rotation: in RPY (radian) [0.000, -0.000, 0.356]
- Rotation: in RPY (degree) [0.000, -0.000, 20.426]
- Matrix:
  0.937 -0.349  0.000  3.255
  0.349  0.937  0.000  1.357
  0.000  0.000  1.000  0.000
  0.000  0.000  0.000  1.000
At time 1696849701.120117758
- Translation: [2.458, 0.318, 0.000]
- Rotation: in Quaternion [0.000, 0.000, 0.617, 0.787]
- Rotation: in RPY (radian) [0.000, -0.000, 1.330]
- Rotation: in RPY (degree) [0.000, -0.000, 76.184]
- Matrix:
  0.239 -0.971  0.000  2.458
  0.971  0.239  0.000  0.318
  0.000  0.000  1.000  0.000
  0.000  0.000  0.000  1.000
At time 1696849702.111833823
- Translation: [1.010, 1.030, 0.000]
- Rotation: in Quaternion [0.000, 0.000, 0.890, 0.455]
- Rotation: in RPY (radian) [0.000, -0.000, 2.196]
- Rotation: in RPY (degree) [0.000, -0.000, 125.808]
- Matrix:
 -0.585 -0.811  0.000  1.010
  0.811 -0.585  0.000  1.030
  0.000  0.000  1.000  0.000
  0.000  0.000  0.000  1.000
At time 1696849703.120345792
- Translation: [0.026, 1.125, 0.000]
- Rotation: in Quaternion [0.000, 0.000, 0.925, 0.381]
- Rotation: in RPY (radian) [0.000, -0.000, 2.360]
- Rotation: in RPY (degree) [0.000, -0.000, 135.242]
- Matrix:
 -0.710 -0.704  0.000  0.026
  0.704 -0.710  0.000  1.125
  0.000  0.000  1.000  0.000
  0.000  0.000  0.000  1.000
At time 1696849704.112047115
- Translation: [1.340, 1.125, 0.000]
- Rotation: in Quaternion [0.000, 0.000, 0.749, 0.662]
- Rotation: in RPY (radian) [0.000, -0.000, 1.694]
- Rotation: in RPY (degree) [0.000, -0.000, 97.067]
- Matrix:
 -0.123 -0.992  0.000  1.340
  0.992 -0.123  0.000  1.125
  0.000  0.000  1.000  0.000
  0.000  0.000  0.000  1.000
At time 1696849705.120077970
- Translation: [0.856, 0.417, 0.000]
- Rotation: in Quaternion [0.000, 0.000, 0.888, 0.461]
- Rotation: in RPY (radian) [0.000, -0.000, 2.184]
- Rotation: in RPY (degree) [0.000, -0.000, 125.129]
- Matrix:
 -0.575 -0.818  0.000  0.856
  0.818 -0.575  0.000  0.417
  0.000  0.000  1.000  0.000
  0.000  0.000  0.000  1.000
At time 1696849706.112574518
- Translation: [0.522, 0.659, 0.000]
- Rotation: in Quaternion [0.000, 0.000, 0.979, 0.204]
- Rotation: in RPY (radian) [0.000, -0.000, 2.730]
- Rotation: in RPY (degree) [0.000, -0.000, 156.412]
- Matrix:
 -0.916 -0.400  0.000  0.522
  0.400 -0.916  0.000  0.659
  0.000  0.000  1.000  0.000
  0.000  0.000  0.000  1.000
At time 1696849707.120027663
- Translation: [0.495, 1.989, 0.000]
- Rotation: in Quaternion [0.000, 0.000, 0.708, 0.706]
- Rotation: in RPY (radian) [0.000, -0.000, 1.573]
- Rotation: in RPY (degree) [0.000, -0.000, 90.144]
- Matrix:
 -0.003 -1.000  0.000  0.495
  1.000 -0.003  0.000  1.989
  0.000  0.000  1.000  0.000
  0.000  0.000  0.000  1.000
At time 1696849708.112509083
- Translation: [1.272, 0.737, 0.000]
- Rotation: in Quaternion [0.000, 0.000, 0.191, 0.982]
- Rotation: in RPY (radian) [0.000, -0.000, 0.385]
- Rotation: in RPY (degree) [0.000, -0.000, 22.075]
- Matrix:
  0.927 -0.376  0.000  1.272
  0.376  0.927  0.000  0.737
  0.000  0.000  1.000  0.000
  0.000  0.000  0.000  1.000
At time 1696849709.120019491
- Translation: [0.769, 0.169, 0.000]
- Rotation: in Quaternion [0.000, 0.000, -0.065, 0.998]
- Rotation: in RPY (radian) [0.000, 0.000, -0.131]
- Rotation: in RPY (degree) [0.000, 0.000, -7.498]
- Matrix:
  0.991  0.130  0.000  0.769
 -0.130  0.991 -0.000  0.169
 -0.000  0.000  1.000  0.000
  0.000  0.000  0.000  1.000
At time 1696849710.112367475
- Translation: [0.401, 0.042, 0.000]
- Rotation: in Quaternion [0.000, 0.000, -0.171, 0.985]
- Rotation: in RPY (radian) [0.000, 0.000, -0.344]
- Rotation: in RPY (degree) [0.000, 0.000, -19.734]
- Matrix:
  0.941  0.338  0.000  0.401
 -0.338  0.941 -0.000  0.042
 -0.000  0.000  1.000  0.000
  0.000  0.000  0.000  1.000
At time 1696849711.120123462
- Translation: [0.200, 0.010, 0.000]
- Rotation: in Quaternion [0.000, 0.000, -0.223, 0.975]
- Rotation: in RPY (radian) [0.000, 0.000, -0.450]
- Rotation: in RPY (degree) [0.000, 0.000, -25.779]
- Matrix:
  0.900  0.435  0.000  0.200
 -0.435  0.900 -0.000  0.010
 -0.000  0.000  1.000  0.000
  0.000  0.000  0.000  1.000
At time 1696849712.112369696
- Translation: [0.101, 0.003, 0.000]
- Rotation: in Quaternion [0.000, 0.000, -0.248, 0.969]
- Rotation: in RPY (radian) [0.000, 0.000, -0.500]
- Rotation: in RPY (degree) [0.000, 0.000, -28.667]
- Matrix:
  0.877  0.480  0.000  0.101
 -0.480  0.877 -0.000  0.003
 -0.000  0.000  1.000  0.000
  0.000  0.000  0.000  1.000
At time 1696849713.120113448
- Translation: [0.050, 0.001, 0.000]
- Rotation: in Quaternion [0.000, 0.000, -0.260, 0.966]
- Rotation: in RPY (radian) [0.000, 0.000, -0.526]
- Rotation: in RPY (degree) [0.000, 0.000, -30.121]
- Matrix:
  0.865  0.502  0.000  0.050
 -0.502  0.865 -0.000  0.001
 -0.000  0.000  1.000  0.000
  0.000  0.000  0.000  1.000
At time 1696849714.112487969
- Translation: [0.025, 0.000, 0.000]
- Rotation: in Quaternion [0.000, 0.000, -0.266, 0.964]
- Rotation: in RPY (radian) [0.000, 0.000, -0.538]
- Rotation: in RPY (degree) [0.000, 0.000, -30.819]
- Matrix:
  0.859  0.512  0.000  0.025
 -0.512  0.859 -0.000  0.000
 -0.000  0.000  1.000  0.000
  0.000  0.000  0.000  1.000
At time 1696849715.120109509
- Translation: [0.013, 0.000, 0.000]
- Rotation: in Quaternion [0.000, 0.000, -0.269, 0.963]
- Rotation: in RPY (radian) [0.000, 0.000, -0.544]
- Rotation: in RPY (degree) [0.000, 0.000, -31.171]
- Matrix:
  0.856  0.518  0.000  0.013
 -0.518  0.856 -0.000  0.000
 -0.000  0.000  1.000  0.000
  0.000  0.000  0.000  1.000
